
3245
3229
3233
3261
3248
3252
3245
3260
3261
3249
4304
4320
4353
4341
4356
4341
4364
4389
4368
4384
4385
4385
4396
4397
4392
4417
4420
4416
4408
4421
4417
4428
4421
4429
4432
4441
4428
4437
4504
4436
4425
4417
4420
4413
4413
4405
4397
3557
3561
3584
3621
3632
3684
3748
3800
3892
4009
4177
4377
4593
4793
4960
5081
5160
5240
5272
5320
5384
5417
5464
5492
5504
5517
5553
5569
5588
5613
5616
5608
5621
5629
5645
5653
5645
5652
5629
3556
3549
3537
3520
3513
3505
3492
3484
3465
3452
3440
3432
3412
3425
3413
3405
3412
3401
3401
3393
3393
3396
3389
3392
3409
3400
3404
3409
3413
3429
3452
3476
3501
3477
3537
3564
3593
3677
2209
2201
2192
2201
2192
2180
2177
2172
2177
2173
2165
2172
2177
2168
2173
2173
2168
2161
2168
2173
2157
2153
2165
2156
2172
2161
2152
2153
2157
2148
2157
2160
2132
2140
2132
2141
2153
3809
3792
3785
3780
3768
3745
3729
3712
3689
3673
3628
3632
3628
3601
3589
3580
3560
3557
3540
3524
3516
3501
3488
3488
3481
3464
3461
3461
3460
3429
3445
3440
3420
3424
3424
3424
3429
3420
2249
2256
2229
2236
2228
2224
2220
2217
2205
2205
2232
2196
2213
2212
2197
2200
2209
2196
2200
2201
2176
2204
2212
2197
2201
2197
2205
2197
2204
2200
2201
2205
2192
2208
2196
2185
2208
4117
4093
4089
4072
4060
4044
4017
3993
3973
3949
3928
3892
3865
3849
3796
3793
3764
3744
3713
3689
3680
3656
3641
3617
3597
3596
3580
3577
3585
3569
3568
3573
3569
3564
3576
3572
3569
3580
3493
3513
3521
3525
3516
3545
3521
3509
3524
3521
3524
3552
3516
3513
3508
3497
3516
3505
3492
3488
3492
3468
3488
3465
3445
3449
3445
3441
3441
3433
3416
3409
3421
3405
3384
3393
3381
3200
3197
3189
3184
3188
3184
3184
3196
3173
3181
3168
3177
3189
3188
3181
3181
3168
3164
3176
3176
3168
3188
3189
3173
3169
3185
3173
3168
3193
3165
3180
3153
3180
3173
3173
3168
3176
3164
3277
3324
3353
3385
3453
3473
3524
3608
3732
3909
4252
4729
5165
5468
5668
5821
5953
6040
6105
6189
6248
6284
6320
6352
6377
6392
6413
6457
6473
6476
6481
6504
6497
6541
6536
6540
6549
6553
6588
6557
6600
6597
6561
6589
6597
6596
6604
6584
6568
6584
6464
6577
6593
6589
6556
6564
6553
6565
6537
6513
6441
6357
6253
6025
5757
5337
4833
4465
3864
3156
2821
2656
2544
2468
2417
2385
2364
2196
2184
2192
2200
2189
2192
2197
2193
2204
2184
2192
2176
2201
2184
2189
2192
2192
2188
2196
2189
2196
2176
2185
2200
2181
2177
2192
2188
2193
2181
2181
2189
2188
2185
2176
2172
2184
2232
2245
2253
2241
2252
2265
2261
2257
2277
2269
2273
2276
2281
2280
2256
2292
2300
2329
2384
2461
2569
2713
2844
2964
3052
3141
3188
3224
3249
3289
3301
3309
3353
3384
3381
3425
3492
3533
5344
5376
5385
5409
5432
5448
5456
5497
5504
5524
5548
5549
5580
5605
5596
5617
5637
5653
5660
5673
5677
5681
5693
5693
5705
5720
5716
5720
5725
5724
5737
5744
5737
5741
5753
5744
5760
5765
5753
5761
5764
5772
5769
5757
5768
5757
5765
5765
5768
5748
5741
5733
5729
5712
5705
5696
5664
5637
5577
5517
5433
5321
5205
5064
4944
4801
4673
4533
4401
4273
4141
3993
3860
3769
3685
2420
2365
2357
2352
2360
2356
2357
2385
2392
2396
2421
2436
2452
2464
2524
2497
2496
2517
2532
2541
2573
2557
2565
2580
2592
2596
2608
2625
2641
2648
2669
2688
2732
2765
2785
2808
2824
3032
3036
3040
3033
3033
3028
3024
3009
3016
3005
3000
2989
3000
2993
2981
2973
2976
2972
2953
2956
2948
2940
2940
2912
2920
2913
2892
2884
2869
2865
2852
2837
2828
2817
2805
2793
2788
2776
6069
6080
6092
6069
6084
6117
6104
6081
6112
6096
6089
6133
6116
6109
6093
6104
6096
6077
6053
6101
6100
6101
6076
6089
6101
6073
6080
6081
6069
6076
6048
6084
6077
6072
6044
6081
6048
6041
6088
6057
6056
6085
6057
6053
6065
6076
6041
6081
5992
6060
6069
6069
6073
6069
6073
6045
6057
6049
6072
6000
6068
6077
6045
6061
6037
6064
6056
6049
6036
6020
6068
6061
6033
6032
6012
2405
2409
2437
2433
2448
2441
2464
2457
2456
2461
2465
2464
2464
2481
2488
2489
2496
2520
2501
2504
2513
2532
2541
2548
2560
2569
2576
2576
2604
2616
2632
2641
2664
2673
2696
2696
2732
2737
2749
3060
3048
3068
3104
3068
3061
3064
3069
3068
3068
3104
3109
3068
3104
3104
3104
3104
3104
3104
3104
3105
3104
3104
3128
3117
3104
3133
3132
3132
3133
3144
3141
3137
3153
3157
3161
3185
3192
4884
4929
4920
4937
4952
4945
4949
4952
4984
4957
4969
4988
4977
4969
4992
4997
5013
4997
4997
4992
5000
5008
5029
5021
5020
5012
5020
5005
5036
5021
5048
5028
4996
4989
5032
5020
5037
5049
5021
5020
5008
5021
5028
5021
5036
5004
5017
5016
5016
5037
5017
5020
4984
5004
5008
5012
5060
4996
5004
4992
4992
4989
4992
4992
4969
4916
4853
4776
4588
4377
4189
3997
3832
3660
3461
2873
2912
2933
2941
2965
2968
2985
3001
3024
3017
3041
3033
3041
3041
3048
3065
3061
3053
3061
3104
3104
3104
3104
3069
3104
3108
3105
3109
3105
3104
3104
3104
3109
3109
3112
3116
3113
3157
3113
3121
3129
3125
3136
3125
3069
3121
3136
3069
3133
3136
3129
3128
3133
3125
3137
3124
3133
3144
3141
3140
3129
3136
3145
3153
3149
3133
3152
3148
3160
3161
3157
3172
3152
3156
3172
6173
6173
6224
6244
6240
6232
6237
6233
6237
6253
6261
6256
6245
6237
6237
6268
6269
6265
6265
6272
6240
6244
6264
6276
6273
6265
6253
6245
6261
6293
6280
6284
6261
6256
6257
6280
6280
6272
6273
6264
6260
6280
6284
6285
6280
6280
