2261
2265
2260
2253
2265
2253
2249
2253
2257
2245
2260
2260
2240
2264
2248
2237
2237
2244
2232
2241
2240
2240
2245
2252
2236
2236
2232
2233
2236
2249
2229
2232
2240
2236
2240
2240
2232
2237
2229
2220
2240
2224
2213
2225
2225
2221
2221
2244
2233
2225
2232
2217
2216
2220
2209
2204
2201
2213
2221
2212
2221
2221
2216
2205
2228
2196
2228
2213
2213
2209
2205
2216
2224
2212
2220
2213
2212
2229
2204
2209
2220
2213
2213
2201
2212
2213
2213
2236
2205
2205
2216
2208
2208
2208
2208
2217
2216
2213
2220
2209
2204
2200
2209
2224
2205
2205
2220
2220
2204
2213
2208
2208
2217
2208
2216
2213
2217
2208
2217
2212
2201
2185
2213
2216
2228
2201
2224
2213
2204
2208
2200
2212
2209
2212
2257
2193
2176
2204
2228
2204
2201
2205
2204
2221
2193
2204
2217
2193
2204
2212
2212
2197
2201
2201
2201
2205
2197
2205
2209
2213
2197
2201
2209
2209
2200
2192
2192
2192
2197
2208
2201
2201
2212
2205
2201
2212
2204
2193
2201
2209
2208
2176
2196
2209
2213
2193
2197
2201
2208
2197
2197
2197
2196
2181
2204
2201
2208
2201
2205
2212
2200
2192
2212
2193
2216
2208
2192
2208
2193
2201
2205
2204
2220
2200
2192
2212
2201
2205
2212
2200
2200
2188
2197
2193
2205
2200
2209
2193
2204
2201
2212
2197
2193
2197
2200
2220
2208
2208
2200
2212
2209
2200
2193
2208
2205
2208
2209
2224
2208
2201
2224
2213
2177
2205
2188
2260
2188
2212
2209
2212
2193
2209
2196
2208
2204
2208
2193
2205
2197
2212
2208
2201
2200
2201
2205
2200
2205
2208
2185
2220
2209
2205
2209
2208
2205
2200
2197
2209
2204
2200
2204
2212
2201
2220
2205
2213
2201
2205
2208
2205
2209
2201
2197
2197
2209
2204
2217
2196
2208
2200
2205
2204
2209
2208
2208
2208
2209
2193
2209
2216
2196
2201
2204
2208
2209
2212
2216
2228
2193
2224
2205
2208
2212
2208
2205
2201
2208
2201
2201
2212
2192
2204
2208
2209
2204
2208
2201
2204
2213
2212
2200
2209
2209
2216
2188
2209
2220
2208
2224
2209
2217
2193
2213
2209
2201
2212
2209
2221
2201
2208
2217
2201
2200
2204
2201
2213
2201
2197
2213
2200
2212
2208
2208
2201
2217
2232
2209
2212
2205
2264
2205
2209
2201
2213
2217
2212
2204
2209
2200
2216
2208
2217
2209
2212
2213
2200
2213
2213
2212
2213
2212
2188
2224
2205
2201
2196
2213
2209
2212
2220
2216
2208
2200
2204
2201
2204
2217
2208
2204
2213
2212
2233
2216
2205
2220
2200
2212
2216
2205
2225
2209
2204
2209
2208
2208
2205
2205
2197
2204
2204
2216
2217
2217
2204
2201
2201
2216
2212
2208
2200
2209
2212
2204
2200
2209
2204
2220
2200
2209
2209
2205
2212
2209
2224
2212
2200
2196
2200
2200
2208
2213
2204
2209
2197
2208
2204
2196
2201
2189
2201
2212
2196
2213
2209
2225
2213
2208
2209
2204
2209
2213
2213
2217
2209
2212
2212
2204
2216
2204
2193
2216
2216
2204
2208
2209
2212
2213
2205
2228
2169
2204
2205
2204
2208
2209
2204
2201
2212
2205
2200
2205
2205
2208
2212
2193
2189
2212
2220
2201
2192
2205
2192
2208
2192
2224
2209
2212
2201
2200
2212
2204
2201
2205
2232
2180
2212
2205
2208
2204
2201
2201
2192
2200
2205
2201
2201
2209
2208
2209
2201
2212
2217
2200
2205
2201
2200
2216
2197
2201
2225
2212
2197
2225
2213
2208
2225
2209
2200
2209
2204
2192
2189
2208
2208
2208
2212
2228
2213
2204
2209
2212
2197
2201
2197
2209
2212
2220
2193
2200
2220
2205
2205
2197
2201
2197
2200
2225
2201
2204
2192
2208
2221
2213
2217
2209
2196
2216
2157
2221
2216
2200
2200
2205
2200
2204
2213
2196
2196
2216
2221
2208
2212
2196
2200
2212
2192
2208
2197
2216
2205
2205
2205
2201
2208
2213
2205
2196
2197
2164
2196
2201
2220
2201
2201
2201
2204
2188
2209
2205
2204
2200
2209
2196
2212
2205
2204
2193
2177
2181
2201
2205
2205
2196
2192
2217
2204
2208
2217
2197
2205
2200
2204
2212
2205
2204
2201
2213
2204
2205
2208
2201
2205
2213
2205
2201
2196
2197
2205
2209
2209
2205
2204
2204
2205
2204
2193
2216
2201
2209
2205
2228
2208
2213
2209
2213
2197
2204
2209
2205
2200
2205
2201
2204
2213
2193
2197
2217
2209
2212
2201
2204
2209
2205
2201
2216
2208
2205
2201
2205
2201
2212
2201
2201
2200
2213
2209
2193
2212
2197
2209
2201
2212
2204
2197
2228
2201
2209
2204
2204
2212
2201
2212
2200
2197
2205
2196
2188
2205
2197
2197
2212
2197
2221
2189
2204
2200
2204
2205
2197
2192
2201
2212
2216
2201
2189
2216
2200
2201
2205
2209
2205
2200
2213
2204
2193
2201
2201
2196
2193
2205
2201
2189
2196
2201
2197
2209
2208
2205
2209
2208
2197
2200
2196
2205
2193
2204
2208
2204
2209
2217
2213
2208
2196
2212
2197
2204
2209
2189
2201
2200
2200
2204
2216
2196
2197
2204
2197
2208
2196
2212
2212
2208
2209
2201
2193
2209
2177
2205
2212
2200
2197
2197
2201
2212
2208
2208
2217
2205
2205
2196
2205
2192
2204
2216
2217
2205
2205
2205
2200
2204
2200
2216
2213
2200
2197
2197
2201
2224
2208
2197
2213
2200
2213
2197
2204
2204
2201
2196
2209
2181
2205
2197
2213
2193
2197
2205
2192
2193
2197
2200
2212
2212
2200
2196
2193
2205
2200
2201
2212
2180
2213
2208
2197
2185
2201
2209
2196
2197
2197
2205
2208
2189
2209
2193
2213
2196
2205
2176
2208
2201
2193
2220
2212
2197
2189
2216
2208
2197
2216
2196
2208
2213
2257
2196
2204
2196
2205
2204
2197
2200
2205
2200
2201
2197
2208
2200
2201
2192
2201
2201
2205
2196
2189
2209
2201
2201
2212
2209
2201
2201
2197
2205
2209
2208
2205
2192
2201
2205
2197
2197
2201
2196
2204
2212
2209
2193
2205
2201
2197
2189
